Cust Id
400198495
407885549
407885567
407885684
407885717
407886207
407886326
407886839
407887015
407887037
407887197
407887348
407887629
407887652
407887753
407887812
407888135
407888163
407888548
407888806
407889214
407889526
407889641
407889799
407890572
407891887
407891894
407892008
407892451
407893075
407893076
407893175
407893291
407893351
407894315
407894534
407895031
407895042
407895132
407895906
407896483
407896635
407897096
407897675
407897857
407897925
407897962
407898353
407898568
407898670
407898743
407979667
415845765
417198468
417207860
417415966
417423129
417432669
417467894
417473579
417483878
417530753
417549158
417549159
417550836
417551511
417553854
417633265
417643947
417672109
417674891
417680030
417682153
417707159
417743398
417752195
418550356
420321524
420396324
420398822
420399580
420401807
420407728
420768437
420806856
420844615
420872224
420881144
420899319
421035488
421263323
421283472
421678860
421790255
422280377
422369308
422569311
422595246
422618430
423093616
423093643
423100363
423187201
423483582
423651134
423700049
423747875
423760862
423763097
423882900
423882916
423889945
423894622
423940475
423966611
424018771
424084223
424084677
424092385
424128961
424128975
424173347
424178061
424261445
424427130
424430002
424597148
424718164
424718173
424749086
424780866
424781955
424782000
424798990
424799031
424814294
424851954
424856633
424875737
424893052
424917071
424969870
425002425
425010877
425017881
425035224
425050581
425112506
425197540
425202561
425287025
425308304
425319515
425336830
425343366
425378140
425687103
